1
1
1
1
1
1
1
1
1
1
1
1
1
1
1
1
1
1
1
1
1
1
1
1
3
3
3
3
3
3
3
3
3
3
3
3
3
3
4
4
5
5
5
5
5
5
5
5
5
6
7
7
7
9
9
10
10
10
10
10
10
10
10
10
10
10
10
10
11
11
12
14
15
16
17
17
18
18
18
18
18
18
18
18
18
18
19
19
20
21
23
23
23
23
23
23
23
24
24
25
26
26
26
26
26
27
27
30
31
31
32
33
34
34
35
36
36
36
39
39
41
41
41
42
42
42
44
45
48
49
49
49
50
50
51
53
53
53
53
55
57
58
60
60
60
60
60
60
60
60
61
63
66
66
67
67
68
70
70
70
71
72
74
75
75
78
79
81
82
85
86
87
87
87
88
89
90
91
93
95
95
96
99
103
106
108
109
112
113
113
115
121
122
126
130
132
135
141
143
146
147
148
151
155
157
163
163
166
168
169
175
177
181
188
191
194
197
200
202
205
211
214
218
220
222
225
227
229
232
234
237
239
241
244
245
248
249
254
255
255
258
260
261
262
267
269
272
277
280
284
287
293
294
300
304
308
312
316
319
323
326
332
334
336
340
344
347
352
353
355
360
366
369
376
380
392
395
398
402
407
410
417
419
422
431
439
441
446
451
454
458
465
468
477
482
487
492
497
503
507
513
522
529
535
538
545
552
555
559
567
575
583
594
599
606
611
614
620
623
631
637
644
651
659
665
673
678
682
685
694
699
704
711
715
718
725
728
730
738
749
755
759
764
776
784
791
802
811
821
828
838
843
853
858
868
876
880
888
895
900
909
920
931
942
953
958
965
971
984
995
1003
1012
1024
1035
1039
1051
1059
1069
1076
1084
1088
1093
1099
1105
1111
1127
1135
1143
1150
1158
1171
1180
1190
1194
1199
1211
1215
1222
1233
1240
1247
1255
1259
1267
1278
1290
1298
1310
1317
1321
1331
1339
1349
1357
1365
1374
1383
1390
1398
1410
1421
1428
1441
1450
1453
1465
1467
1471
1479
1486
1490
1501
1505
1516
1523
1535
1539
1544
1551
1560
1566
1573
1579
1584
1595
1603
1609
1619
1626
1637
1647
1656
1662
1666
1672
1685
1698
1710
1720
1730
1734
1742
1753
1763
1774
1783
1791
1799
1817
1830
1842
1853
1864
1874
1881
1893
1903
1918
1927
1933
1945
1961
1974
1984
1994
2009
2022
2031
2043
2053
2062
2075
2084
2098
2109
2118
2132
2142
2157
2173
2190
2203
2213
2221
2230
2238
2242
2256
2263
2276
2280
2292
2303
2316
2323
2333
2338
2349
2359
2368
2377
2389
2395
2409
2416
2428
2435
2446
2458
2467
2480
2489
2502
2508
2518
2528
2540
2550
2562
2574
2581
2589
2600
2613
2622
2629
2643
2650
2667
2678
2684
2689
2694
2707
2724
2736
2743
2749
2757
2765
2777
2788
2795
2800
2808
2815
2818
2826
2832
2841
2849
2860
2864
2871
2879
2886
2898
2901
2907
2913
2919
2925
2930
2933
2941
2948
2958
2965
2969
2976
2984
2993
3000
3011
3019
3027
3032
3036
3040
3043
3048
3055
3062
3069
3079
3085
3092
3095
3098
3104
3112
3120
3125
3131
3131
3136
3143
3146
3151
3157
3160
3164
3168
3173
3177
3181
3187
3191
3196
3205
3210
3216
3220
3222
3227
3234
3240
3247
3252
3258
3261
3265
3267
3269
3274
3275
3280
3285
3289
3291
3297
3302
3308
3314
3319
3324
3328
3329
3335
3338
3339
3339
3341
3347
3350
3351
3356
3363
3366
3370
3372
3375
3375
3382
3388
3388
3388
3388
3391
3392
3395
3399
3400
3402
3403
3407
3407
3411
3413
3416
3418
3419
3421
3423
3423
3426
3428
3432
3433
3434
3436
3437
3438
3440
3444
3445
3445
3446
3447
3447
3448
3449
3454
3455
3456
3458
3458
3458
3458
3458
3462
3463
3463
3465
3467
3469
3472
3472
3474
3476
3476
3479
3480
3481
3483
3485
3485
3485
3485
3485
3486
3487
3488
3488
3493
3493
3493
3493
3494
3494
3495
3496
3496
3496
3496
3496
3497
3498
3499
3500
