3499
3499
3499
3499
3499
3499
3499
3499
3499
3499
3499
3499
3499
3499
3499
3499
3499
3499
3499
3499
3499
3499
3499
3499
3497
3497
3497
3497
3497
3497
3497
3497
3497
3497
3497
3497
3497
3497
3496
3496
3495
3495
3495
3495
3495
3495
3495
3495
3495
3494
3493
3493
3493
3491
3491
3490
3490
3490
3490
3490
3490
3490
3490
3490
3490
3490
3490
3490
3489
3489
3488
3486
3485
3484
3483
3483
3482
3482
3482
3482
3482
3482
3482
3482
3482
3482
3481
3481
3480
3479
3477
3477
3477
3477
3477
3477
3477
3476
3476
3475
3474
3474
3474
3474
3474
3473
3473
3470
3469
3469
3468
3467
3466
3466
3465
3464
3464
3464
3461
3461
3459
3459
3459
3458
3458
3458
3456
3455
3452
3451
3451
3451
3450
3450
3449
3447
3447
3447
3447
3445
3443
3442
3440
3440
3440
3440
3440
3440
3440
3440
3439
3437
3434
3434
3433
3433
3432
3430
3430
3430
3429
3428
3426
3425
3425
3422
3421
3419
3418
3415
3414
3413
3413
3413
3412
3411
3410
3409
3407
3405
3405
3404
3401
3397
3394
3392
3391
3388
3387
3387
3385
3379
3378
3374
3370
3368
3365
3359
3357
3354
3353
3352
3349
3345
3343
3337
3337
3334
3332
3331
3325
3323
3319
3312
3309
3306
3303
3300
3298
3295
3289
3286
3282
3280
3278
3275
3273
3271
3268
3266
3263
3261
3259
3256
3255
3252
3251
3246
3245
3245
3242
3240
3239
3238
3233
3231
3228
3223
3220
3216
3213
3207
3206
3200
3196
3192
3188
3184
3181
3177
3174
3168
3166
3164
3160
3156
3153
3148
3147
3145
3140
3134
3131
3124
3120
3108
3105
3102
3098
3093
3090
3083
3081
3078
3069
3061
3059
3054
3049
3046
3042
3035
3032
3023
3018
3013
3008
3003
2997
2993
2987
2978
2971
2965
2962
2955
2948
2945
2941
2933
2925
2917
2906
2901
2894
2889
2886
2880
2877
2869
2863
2856
2849
2841
2835
2827
2822
2818
2815
2806
2801
2796
2789
2785
2782
2775
2772
2770
2762
2751
2745
2741
2736
2724
2716
2709
2698
2689
2679
2672
2662
2657
2647
2642
2632
2624
2620
2612
2605
2600
2591
2580
2569
2558
2547
2542
2535
2529
2516
2505
2497
2488
2476
2465
2461
2449
2441
2431
2424
2416
2412
2407
2401
2395
2389
2373
2365
2357
2350
2342
2329
2320
2310
2306
2301
2289
2285
2278
2267
2260
2253
2245
2241
2233
2222
2210
2202
2190
2183
2179
2169
2161
2151
2143
2135
2126
2117
2110
2102
2090
2079
2072
2059
2050
2047
2035
2033
2029
2021
2014
2010
1999
1995
1984
1977
1965
1961
1956
1949
1940
1934
1927
1921
1916
1905
1897
1891
1881
1874
1863
1853
1844
1838
1834
1828
1815
1802
1790
1780
1770
1766
1758
1747
1737
1726
1717
1709
1701
1683
1670
1658
1647
1636
1626
1619
1607
1597
1582
1573
1567
1555
1539
1526
1516
1506
1491
1478
1469
1457
1447
1438
1425
1416
1402
1391
1382
1368
1358
1343
1327
1310
1297
1287
1279
1270
1262
1258
1244
1237
1224
1220
1208
1197
1184
1177
1167
1162
1151
1141
1132
1123
1111
1105
1091
1084
1072
1065
1054
1042
1033
1020
1011
998
992
982
972
960
950
938
926
919
911
900
887
878
871
857
850
833
822
816
811
806
793
776
764
757
751
743
735
723
712
705
700
692
685
682
674
668
659
651
640
636
629
621
614
602
599
593
587
581
575
570
567
559
552
542
535
531
524
516
507
500
489
481
473
468
464
460
457
452
445
438
431
421
415
408
405
402
396
388
380
375
369
369
364
357
354
349
343
340
336
332
327
323
319
313
309
304
295
290
284
280
278
273
266
260
253
248
242
239
235
233
231
226
225
220
215
211
209
203
198
192
186
181
176
172
171
165
162
161
161
159
153
150
149
144
137
134
130
128
125
125
118
112
112
112
112
109
108
105
101
100
98
97
93
93
89
87
84
82
81
79
77
77
74
72
68
67
66
64
63
62
60
56
55
55
54
53
53
52
51
46
45
44
42
42
42
42
42
38
37
37
35
33
31
28
28
26
24
24
21
20
19
17
15
15
15
15
15
14
13
12
12
7
7
7
7
6
6
5
4
4
4
4
4
3
2
1
0
